200 48 0 15
32 24
48 24
49 24
50 24
51 24
52 24
53 24
54 24
55 24
56 24
57 24
65 24
66 24
67 24
68 24
69 24
70 24
71 24
72 24
73 24
74 24
75 24
76 24
77 24
78 24
79 24
80 24
81 24
82 24
83 24
84 24
85 24
86 24
87 24
88 24
89 24
90 24
97 24
98 24
99 24
100 24
101 24
102 24
103 24
104 24
105 24
106 24
107 24
108 24
109 24
110 24
111 24
112 24
113 24
114 24
115 24
116 24
117 24
118 24
119 24
120 24
121 24
122 24
192 24
193 24
194 24
195 24
200 24
201 24
202 24
204 24
205 24
210 24
211 24
212 24
213 24
217 24
218 24
221 24
224 24
225 24
226 24
227 24
232 24
233 24
234 24
236 24
237 24
242 24
243 24
244 24
245 24
249 24
250 24
253 24
258 24
259 24
272 24
273 24
296 24
297 24
360 24
361 24
416 24
417 24
431 24
432 24
7840 24
7841 24
7842 24
7843 24
7844 24
7845 24
7846 24
7847 24
7848 24
7849 24
7850 24
7851 24
7852 24
7853 24
7854 24
7855 24
7856 24
7857 24
7858 24
7859 24
7860 24
7861 24
7862 24
7863 24
7864 24
7865 24
7866 24
7867 24
7868 24
7869 24
7870 24
7871 24
7872 24
7873 24
7874 24
7875 24
7876 24
7877 24
7878 24
7879 24
7880 24
7881 24
7882 24
7883 24
7884 24
7885 24
7886 24
7887 24
7888 24
7889 24
7890 24
7891 24
7892 24
7893 24
7894 24
7895 24
7896 24
7897 24
7898 24
7899 24
7900 24
7901 24
7902 24
7903 24
7904 24
7905 24
7906 24
7907 24
7908 24
7909 24
7910 24
7911 24
7912 24
7913 24
7914 24
7915 24
7916 24
7917 24
7918 24
7919 24
7920 24
7921 24
7922 24
7923 24
7924 24
7925 24
7926 24
7927 24
7928 24
7929 24
44 24
39 24
46 24